procs -----------memory---------- ---swap-- -----io---- -system-- ----cpu----
 r  b   swpd   free   buff  cache   si   so    bi    bo   in   cs us sy id wa
 0  0   3996 168488  57100 1368636    0    0     1     2    0    0  3  1 97  0
 0  0   3996 168604  57100 1368728    0    0     0     0  144  303  1  0 100  0
 0  0   3996 168604  57100 1368984    0    0   256     0  162  464  1  0 99  0
 0  0   3996 168604  57100 1368972    0    0     0     0  239  638  3  0 97  0
 0  0   3996 168604  57100 1368952    0    0     0     0  242  529  1  1 99  0
 0  0   3996 168604  57100 1368952    0    0     0     0  148  430  1  0 99  0
 1  0   3996 168604  57100 1368952    0    0     0     0  222  451  6  0 94  0
 0  0   3996 168604  57100 1368952    0    0     0     0  141  270  2  0 98  0
 0  0   3996 168604  57100 1368952    0    0     0     0  166  450  1  0 99  0
 0  0   3996 168604  57100 1368952    0    0     0     0  133  410  0  0 99  0
 0  0   3996 168604  57100 1368952    0    0     0     0  196  398  0  0 99  0
 0  0   3996 168604  57100 1368952    0    0     0     0  187  510  1  0 100  0
 0  0   3996 168604  57108 1368952    0    0     0    16  263  677  2  0 97  1
 0  0   3996 168604  57108 1368952    0    0     0     0  205  431  1  0 98  0
 0  0   3996 168604  57108 1368964    0    0     0     0  179  467  1  0 98  0
 0  0   3996 168604  57108 1368964    0    0     0     0  169  446  2  0 98  0
 0  0   3996 168604  57108 1368964    0    0     0     0  202  365  2  0 98  0
 0  0   3996 168604  57108 1369208    0    0   256     0  226  458  2  1 96  0
 0  0   3996 168604  57108 1369208    0    0     0    40  202  501  2  0 98  0
 0  0   3996 168604  57108 1369220    0    0     0     0  154  295  2  0 98  0
